1.0
1.1051709071958344
1.2214027413178443
1.3498587867548575
1.491824665526769
1.648721227987316
1.8221187479528316
2.0137526752179102
2.2255408426124177
2.4596029966982034
2.7182816710278295
3.004165810237101
3.320116638895638
3.6692962929532578
4.055199477700548
4.481688459425623
4.953031624356876
5.473946348594573
6.049646114257943
6.685892725961149
7.389053922902532
8.166167163699795
9.025010040867336
9.97417811145287
11.023170939393006
12.18248716227533
13.463729578711272
14.879721205770995
16.44463371952852
18.174129172444108
20.085516854977552
22.197926464588626
24.53249949969197
27.112601012790698
29.96405327422498
33.115394264923914
36.5981633809462
40.44721684002597
44.701076782230416
49.40231667031823
54.59798720295001
60.3400875549906
66.68608539934719
73.69949212093175
81.45049866491978
90.01667742432477
99.48375906690154
109.94649026824601
121.50958143127976
134.28875536253497
148.41190450578193
164.02037082779188
181.2703608232584
200.33450732946156
221.40359794552026
244.68848377752562
270.4221880007344
298.86223920489874
330.2932462890864
365.0297458193368
403.4193503654375
445.8462231259551
492.73492275343784
544.5546499117067
601.8239373514768
665.1158400817064
735.0636627888352
812.3672920448246
897.8001983778347
992.217163017467
1096.562826399174
1211.8811306881898
1339.3257457836755
1480.1716062362661
1635.8276417181892
1807.8508477762725
1997.961844715878
2208.062043215397
2440.252630079577
2696.8555388301543
2980.436596029643
3293.831127642975
3640.1722094533047
4022.921877298259
4445.905630025936
4913.350480716746
5429.927020117983
6000.795863384225
6631.658884212644
7328.815859838164
8099.22693421002
8950.581566996438
9891.374703383144
10930.990708519348
12079.796052193316
13349.24155858976
14751.97506008149
16301.965775067449
18014.64129049893
19907.03851028645
21997.970119898528
24308.20768730501
26860.683387297027
29680.712031328443
32796.23506331083
36238.08909895342
40040.30078383742
44240.41052271808
48879.82798880353
54004.22152593057
59663.94495385064
65914.50471156467
72817.07000111205
80439.03070872281
88854.60490727374
98145.50026107574
108401.63316402321
119721.90828012092
132215.06227756356
146000.5747202834
161209.64769713115
177986.2577555892
196488.27842773334
216888.6764999304
239376.77555314655
264159.5880163979
291463.203990056
321534.2311143853
354641.2699770585
391076.4046898906
431156.6905237324
475225.5954757941
523654.37469261285
576843.3016104703
635222.7229906702
699253.8538657238
769429.209590218
846272.5964638677
930338.525014739
1022210.9088102593
1122500.8943883528
1231843.63975527
1350893.8585022874
1480319.9152445812
1620796.2598232003
1772993.9930943174
1937569.349352037
2115149.9249836095
2306318.524774051
2511594.529096502
2731412.8346306114
2966100.4971594648
3215851.3306960464
3480698.9893666217
3760489.146923685
4054851.652905429
4363173.833036824
4684576.162938724
5017891.875908776
5361652.077553049
5714077.975548448
6073081.942553559
6436278.397466051
6801005.950058599
7164361.046506603
7523242.840964123
7874409.093471227
8214540.83349641
8540314.191904284
8848476.316466864
9135922.23052729
9399769.375621945
9637426.073630197
9846651.659139942
10025604.576856209
10172877.637797335
10287518.899207365
10369037.621617576
10417396.70026113
10432991.85987281
10416620.240216348
10369439.874468459
10292922.959387258
10188805.03591389
10059032.136477884
9905708.632161522
9731046.595893696
9537318.760558086
9326815.802929545
9101808.50137277
8864515.442826454
8617076.028418643
8361528.937457274
8099795.518256407
7833667.871183754
7564801.090733834
7294709.035807908
7024763.319422876
6756194.772761822
6490097.023773754
6227431.7530415775
5969035.119843732
5715625.123757804
5467809.529988059
5226094.118519221
4990891.061134163
4762527.234552752
4541252.355399425
4327246.817871543
4120629.173079243
3921463.1788106416
3729764.4027166762
3545506.364624274
3368626.1739543597
3199029.7287475
3036596.4217248415
2881183.424621905
2732629.5368438954
2590758.636576261
2455382.764597936
2326304.8499851217
2203321.12714361
2086223.248068854
1974800.1313162984
1868839.5698840695
1768129.6086846099
1672459.7261651377
1581621.8422614157
1495411.1603058695
1413626.8701433858
1336072.720421654
1262557.4842907186
1192895.323127338
1126906.0654616915
1064415.410905842
1005255.0673842843
949262.8331722508
896282.6285437918
846164.4890482082
798764.5194543609
753944.8218283007
711573.3953662891
671524.0195040567
633676.1167829941
597914.605938407
564129.7416692909
532216.9493057764
502076.6516994127
473614.0948398507
446739.1681120615
421366.22725361824
397413.91820171726
374804.99784927384
353466.16338976123
333327.87922347296
314324.21142894373
296392.6653396205
279474.02566679585
263512.20495252474
248454.09327107162
234249.4156947393
220850.59372469503
208212.61162573294
196292.88975889128
185051.16067529397
174449.35220008326
164451.47460158126
155023.5128585559
146133.32442045485
137750.5404865726
129846.47297708616
122394.02516700044
115367.60685295553
108743.05395072747
102497.55136790723
96609.56040137057
91058.74936419053
85825.92779773433
80892.9842477389
76242.82692734558
71859.3277678555
67727.26922753516
63832.29389663266
60160.856877224265
56700.18056227576
53438.21194641821
50363.58217943232
47465.568289838055
44734.05703386484
42159.51066072883
39732.93457465412
37445.846761883746
35290.24889530534
33258.59904125928
31343.78586825331
29539.10428096533
27838.23241093646
26235.209895868422
24724.417354721914
23300.55702832895
21958.63449008276
20693.941384479855
19502.039148365286
18378.74362452473
17320.110567140422
16322.421949381474
15382.173046508293
14496.060261564562
13660.969617634328
12873.965927052419
12132.282559391791
11433.31179250603
10774.595723057791
10153.817674439653
9568.794114752955
9017.467021377128
8497.896682728724
8008.254920196125
7546.818680685309
7111.964012017195
6702.160371196487
6315.965259872644
5952.019174246406
5609.040830725067
5285.822678956736
4981.226662248158
4694.180221845935
4423.672537655197
4168.750972761552
3928.517732957698
3702.1267116136846
3488.780514747492
3287.7276637919213
3098.2599493441676
2919.709945118501
2751.4486609435576
2592.883328737457
2443.455321802996
2302.638186131532
2169.9357907671165
2044.8805824785168
1927.0319384846528
1815.9746191020358
1711.3173036649348
1612.6912146354782
1519.7488199921054
1432.162607905947
1349.6239362255587
1271.8419439343713
1198.5425278210316
1129.467377884182
1064.3730660883155
1003.0301909893417
945.2225685254004
890.746470999994
839.4099101260897
791.0319594908322
745.442118629766
702.479711551593
661.9933208410984
623.8402548160777
587.8860438279934
554.0039674953647
522.0746076906288
491.98542776186986
463.63037654659996
