1.0
1.1051709071423237
1.2214027411876858
1.3498587865180234
1.4918246651445775
1.6487212274101932
1.8221187471176141
2.013752674044437
2.225540840999404
2.459602994518078
2.7182816681203947
3.004165806401732
3.3201166338816677
3.669296286448153
4.055199469315372
4.481688448677152
4.9530316106457235
5.473946331178228
6.049646092217731
6.685892698161693
7.389053887942109
8.166167119849433
9.025009985996206
9.974178042936908
11.023170854002945
12.18248705603969
13.463729446748639
14.879721042084567
16.444633516754987
18.174128921546284
20.085516544868128
22.197926081670374
24.53249902729521
27.112600430485166
29.964052556978917
33.11539338207561
36.598162294946384
40.44721550490152
44.70107514170519
49.40231465551666
54.597984729591886
60.34008451995979
66.68608167650088
73.69948755597984
81.45049306916347
90.01667056701206
99.4837506658821
109.94647997855157
121.50956883118224
134.28873993649702
148.41188562363843
164.02034771932165
181.27033254709482
200.3344727351453
221.40355562712196
244.68843201697877
270.4221246986676
298.8621617960631
330.2931516390993
365.0296300985831
403.41920889491234
445.8460501891219
492.7347113663229
544.5543915420009
601.8236215757086
665.1154541661078
735.0631911776323
812.3667157354
897.7994941569071
992.2163025289257
1096.5617750051315
1211.8798460774483
1339.324176273549
1480.1696886966154
1635.8252990369713
1807.8479857651673
1997.9583483278016
2208.0577719285925
2440.24741225858
2696.849164836281
2980.4288098141724
3293.8216164714236
3640.1605913606268
4022.9076857751925
4445.888295301612
4913.329306919213
5429.901157378302
6000.764273756963
6631.620300098198
7328.76873317358
8099.1693744467975
8950.51126541018
9891.288840579095
10930.885841592
12079.667976954732
13349.085141298163
14751.784032217034
16301.732482654217
18014.356388201686
19906.690588289435
21997.54524817334
24307.68885991075
26860.049844378376
29679.93843152956
32795.29047518695
36236.93577013395
40038.89264024624
44238.691339969
48877.729161264535
54001.659349595764
59660.81731611381
65910.68705652948
72812.41042097725
80433.34396148985
88847.66514588821
98137.03217920868
108391.30124208659
119709.30370191287
132199.6870507195
145981.82239060412
161186.77995534835
177958.37608285688
196454.2897269411
216847.25154536223
239326.2986725963
264098.09644353215
291388.3145206656
321443.0519667127
354530.29451204586
390941.38402225915
430992.4805478173
475025.9740434287
523411.8231866809
576548.7451026926
634865.2211525096
698820.2354845522
768903.6412884898
845636.0755373465
929568.2859783468
1021279.7322032824
1121376.3060594473
1230486.988651823
1349259.262259441
1478353.063572885
1618433.0689450812
1770159.1080510416
1934174.4961669547
2111092.1243777
2301478.1861116597
2505833.4575087577
2724572.2021348407
2957998.8390174257
3206282.655451375
3469431.1118649356
3747262.3652809914
4039377.9243285195
4345136.60931443
4663631.054270914
4993668.323179903
5333756.179545948
5682096.61188349
5682096.61188349
5573015.22944179
5462379.126669646
5350465.028411191
5237539.260684694
5123857.189877427
5009662.67004991
4895187.725359869
4780652.164019816
4666263.535976349
4552216.999548889
4438695.330796522
4325869.007008204
4213896.362173894
4102923.794599722
3993085.991252011
3884506.302361246
3777297.062454223
3671559.917772955
3567386.2747230413
3464857.704044032
3364046.3776442376
3364046.3776442376
3500901.044536207
3638029.20369573
3774880.7723160847
3910875.667185809
4045408.3149384586
4177853.1279814853
4307570.39331135
4433912.847015205
4556232.722592464
4673889.109619248
4786255.458186374
4892727.205274951
4992729.173580254
5085722.69812894
5171212.28437473
5248751.647548664
5317949.006938092
5378471.483502669
5430048.566709961
5472474.575625696
5505610.075838841
5529382.256910006
5543784.081171033
5548872.916912073
5544767.884825473
5531646.561374901
5509740.951939049
5479332.9164242195
5440749.132178929
5394355.744302902
5340552.793190651
5279768.582471637
5212454.141234766
5139077.603296711
5060119.004131557
4976065.220603753
4887405.2947411835
4794626.131755301
4698208.5762121705
4598623.933659629
4496330.916613079
4391773.006080293
4285376.257604102
4177547.493117638
4068672.8892460256
3959116.8818000746
3849221.4657248207
3739305.7393524535
3629665.748578597
3520574.537127087
3412282.440269044
3305017.524080489
3198986.19286268
3094373.908368234
2991346.020583499
2890048.6642143778
2790609.7216146044
2693139.8188369363
2597733.3505882267
2504469.512147398
2413413.331593812
2324616.6901045726
2238119.3208880387
2153949.786158436
2072126.417725366
1992658.2136371525
1915545.7168070136
1840781.8237867109
1768352.5670918268
1698237.8571125173
1630412.1522531617
1564845.1199983913
1501502.2294528824
1440345.3015034876
1381333.0377188327
1324421.480606403
1269564.45721861
1216713.9801126053
1165820.6020959136
1116833.7582222468
1069702.0594742503
1024373.564021418
980796.0251579564
938917.1035975526
898684.5668344637
860046.4592088475
822951.2555241056
787347.9966880648
753186.4008120953
720416.9702954834
688991.074391417
658861.0251473862
629980.1379646454
602302.7818684438
575784.4223347681
550381.6508443194
526052.2119389075
502755.01810207416
480450.1619383241
459098.9211541324
438663.7576119918
419108.31479535234
400397.4069980498
382497.0112916847
365374.2535625888
348997.3856268516
333335.76954036887
318359.85591444944
304041.16377577535
290352.25511822116
277266.70704087394
264759.08876327064
252804.93838041974
241380.7335960052
230463.86262105303
220032.5969569656
210066.06438900498
200544.22651716246
191447.84897895524
182758.47448098563
174458.39477666642
166530.6264345199
158958.88616724647
151727.5652097447
144821.70448309003
138226.9710518081
131929.63495098916
125916.54623335009
120175.11242115793
114693.2770820442
109459.49965579457
104462.73505054321
99692.41389359022
95138.42302247314
90791.0874579501
86641.1526844279
82679.76769658507
78898.46813849185
75289.16040080255
71844.10624848686
68555.90799220707
65417.49413253198
62422.10558178473
59563.28252087478
56834.851736042845
54230.91419131274
51745.833356903386
49374.22404633103
47110.9414360168
44951.07070145421
42889.917010058605
40922.99593830734
39046.024260095386
37254.91124711323
35545.7501713208
33914.81020117079
32358.52864966191
30873.503544376657
29456.48652056107
28104.376015603055
26814.21077145815
25583.163557508444
24408.535211103866
23287.748940668072
22218.344845196207
21197.974689843682
20224.396884692396
19295.471708945584
18409.156730062634
17563.50244740807
16756.648105276392
15986.81769088071
15252.316108229454
14551.525519088738
13882.901862999772
13244.971517174668
12636.328112706775
12055.629484307285
11501.59476221302
10973.00159001504
10468.683473341041
9987.527243819548
9528.470626769444
9090.499932905146
